8.786556554666217878e+00 1.309648298270418509e+00
3.344662711046589010e+01 -3.892511789199391559e-01
1.763992969051712123e+01 7.914549461652746754e-01
3.248948408614363359e+01 2.700946642362521688e-01
7.158359570950169726e+00 1.894413153365269720e+00
3.090224303847703879e+01 -4.054337560430334442e-01
3.821051070355124324e+01 5.871145432534771169e-01
3.041356034677352582e+01 5.889458258785581490e-01
3.092775080888579353e+01 2.604835022556645230e-01
3.189344688179656018e+01 3.594645401351522218e-01
3.127293535794357027e+01 -4.012260888705709849e-01
3.928326528911452442e+01 1.051369080409052387e-01
8.345860156762666904e+00 3.123028571571750955e+00
3.499103133999550419e+00 6.791390049503853277e+00
4.390234721108358329e+00 3.774052518795951716e+00
3.083931162515178315e+01 8.656850677181404663e-01
8.065253441394911960e+00 6.640179140601711882e-01
3.502769627290887655e+01 1.109282870530741705e-01
1.448476417682316253e+01 -4.140722486041470418e-03
2.876334365259410220e+01 -2.604248889540842216e-01
1.601611448715662078e+01 1.496501951316760781e+00
2.677545956448263453e+01 -2.492528374031439398e-01
3.360515032667650814e+01 5.473473365511434263e-01
1.942539762694540784e+01 1.232244550827981344e+00
3.324122859945224207e+01 -2.824434839198016189e-01
2.545355488232850050e+01 4.113677496591677113e-02
2.565078806712953252e+01 1.024307696571021831e+00
2.169732390216731233e+01 2.659340778719773701e-01
1.451759086161176526e+01 7.447306294245747971e-02
3.866536948820193231e+01 9.402487356772453175e-01
3.114326036465589453e+01 -8.456561797912103273e-01
3.230314874141424752e+01 4.063190853590205598e-01
2.675173263219792119e+01 5.965045925462386656e-01
3.767418756709412975e+01 -7.384038540941966211e-01
3.073062635638788720e+01 8.456316817127964569e-01
3.825641684488231675e+01 -1.523010069769136887e+00
1.845319267895571258e+01 1.234788096889412601e-01
2.819164934120322741e+01 1.382928169622309689e+00
3.409629470897629488e+01 -6.290209517714413501e-01
2.108038443889652669e+01 -2.023864292107290797e-01
1.094232521859293250e+01 8.719494055644719799e-01
6.184813527972051084e+00 4.615960707260834184e+00
1.741163988012421626e+01 -4.250826778414266705e-01
1.600466714535814106e+01 9.028392083581575633e-01
2.245383950235722281e+01 8.729772075334188419e-02
1.507128547194604096e+01 7.756949175058787116e-01
3.264644862788943502e+00 6.640869625665096976e+00
2.077332038787552548e+01 -4.296955496562079313e-01
2.402348487785864073e+00 8.268887463006382887e+00
3.280978676139466188e+01 -3.276773876519234463e-01
1.448637071094435846e+01 -3.464518661528509513e-01
2.129924484172966714e+01 -8.324889645046149034e-02
5.124442950911501704e+00 2.817430648543011174e+00
1.071227248454123426e+01 2.212999547690884583e+00
4.588497514629716889e+00 4.445159375895015863e+00
1.131736980613505139e+01 1.055492906026620492e+00
2.234469877310045405e+01 -1.394679734592357001e-01
4.936665387541233407e+00 4.084644111018766566e+00
2.187849748908618608e+01 -7.847312825920896850e-01
2.267978344225534215e+01 -1.564073248808095506e+00
3.747949208278623701e+01 5.571701116907985529e-01
2.856721638574487443e+01 5.440231855676461725e-01
2.672200983557187826e+01 9.287493574736827018e-01
2.014533362465555655e+01 6.376364638656323303e-01
2.747593627386363480e+01 -1.027208444042720381e-01
2.604364582104989267e+01 1.353065905432193405e+00
2.946409902347591370e+01 5.909590871437668813e-01
8.497858857479068106e+00 2.513797164780279481e+00
2.206273486782193061e+01 -8.417498550289563841e-01
9.413954070464068735e+00 1.523893351081200276e+00
2.989588626750752098e+01 1.154999102479573381e+00
1.379782960186029506e+01 2.520405218338411801e-01
1.985234780032834578e+01 -5.342944682828915104e-01
2.694079253475458557e+01 -1.944253212582880419e-02
3.138069827522987865e+01 -4.189648063352307550e-01
2.743315672690256335e+01 7.824456319120453029e-01
3.481396521954126655e+01 7.333529272202869986e-01
3.884052682881513618e+01 3.396718484041294506e-01
2.951811087588069782e+01 -1.397749101921688997e+00
1.044513546164541573e+01 6.682937087703089141e-01
1.913808875118457431e+00 1.019455502366272093e+01
3.358446266945575331e+01 3.057652406313441928e-01
2.825158367880630017e+00 6.292576770836351585e+00
2.186883048775439065e+01 7.891198589382645290e-01
1.964840425430344695e+01 -4.539725544255328038e-01
2.512653290763086389e+01 -8.366292293558744708e-01
2.424771222469768972e+01 9.133299931232906621e-01
2.336640735733882579e+01 1.040446597742341384e+00
2.329884448883174386e+01 -1.197397730110221881e+00
2.334586099900863587e+01 -9.111853311087908525e-01
3.261912837319982383e+00 7.255278494812927192e+00
2.570774971644426898e+01 8.221774369766877977e-02
3.578731174202890486e+01 2.411949561377308704e-01
3.619080332503722985e+01 4.595885915197744365e-01
2.190176466519876897e+01 3.857080315153222916e-01
1.471887744296253686e+01 7.596932978243104984e-01
2.821937667373279979e+01 7.483171733761187494e-03
4.101856015190337601e+00 5.847327094368162115e+00
2.845547858551372400e+01 2.434321208815698190e-01
3.471999854164739929e+01 1.553138422994965184e+00
1.324382884425114781e+01 2.021475826812855647e+00
3.567687818305233804e+01 6.850917011341787211e-01
1.269678585213161792e+00 1.339230929103127110e+01
3.531095418769236005e+01 -7.219369348730104996e-02
3.245352895021859752e+01 -4.237541212420145587e-02
3.368040825357923751e+01 -2.962987977834378728e-01
3.285520059026393547e+00 4.465618624584616114e+00
1.900519063638367356e+01 7.199366034779545176e-01
3.398383853366263452e+01 -4.782301435363182640e-01
3.016690379752630591e+01 5.010900574004890640e-01
1.021964324575531968e+01 8.505449252548582528e-01
1.487368258362484319e+00 1.220147015165353288e+01
1.444567823282458896e+01 2.145204899882481531e+00
1.033580514004435180e+01 3.901255726416917868e-01
2.013599321941759612e+01 -1.371387057903012408e-01
2.148513174099934986e+01 -9.880257161578856473e-02
3.920693907285996005e+01 -2.069676786117461698e-01
3.505665846111457284e+01 -1.212925596585171240e-01
4.034305109896612507e+00 4.244159759911874552e+00
2.571749324606380327e+01 1.711418016460556801e+00
2.494288516423892688e+01 4.799843445804531372e-01
3.509685270924814660e+01 -8.078325248319163654e-01
3.828006806526422423e+01 1.884809897469290396e+00
2.548865028288507872e+01 -3.856932054872753701e-01
2.599350606539521280e+01 1.277968062062269095e+00
3.676046618881352401e+01 4.147528847208095115e-01
3.725029459427886280e+01 1.942409770596627006e-01
3.676883327165379711e+01 2.261059866206911184e-01
3.612629553476150335e+00 6.067045272437748160e+00
2.920820493167200738e+01 -5.704750391242450203e-01
3.836605672685188040e+01 -4.303115906567556714e-01
1.886136928597972329e+01 -4.598744518795961356e-01
1.299398228078695539e+00 1.294340544203891596e+01
3.970865614830062640e+01 -3.086188016782898669e-01
2.387699661133359541e+01 2.216992575911533314e-01
8.769049536209205797e+00 1.374833196865480112e+00
3.172309414243628556e+00 7.146198831746456648e+00
2.022108262586290550e+01 -3.191547112892767490e-01
1.346938835200587192e+01 8.481951036379852260e-01
4.032270037889837511e+00 4.963621367328352463e+00
1.063552726001005944e+01 1.470651438970340230e+00
1.307109201304120560e+01 1.340289960899908150e+00
1.004152100611058884e+01 -1.311155936487859996e-01
1.189266630307889905e+01 3.909775113889480957e-01
2.737551990133396629e+01 -1.229609907335151436e-01
3.007777493225713528e+01 -1.770882323842009332e-01
2.938120908233009487e+01 -5.602310768107372496e-01
2.973946031866022111e+01 9.633865268053344311e-01
1.924226633075635462e+00 9.640169649792964535e+00
2.461124603278139489e+01 1.758264180780060859e-01
2.526074599719795089e+01 -7.120646550556425369e-01
1.866481584039120989e+01 1.283808728517318531e+00
1.286054603890864456e+01 1.456856626287367007e+00
2.504428624679677284e+01 4.341430655680734163e-01
3.259735856835020229e+01 -8.137254443539784221e-01
1.390230340810481380e+01 -2.462120131376966947e-01
7.640505697843016364e+00 3.350219595948108253e+00
3.901252333463737898e+01 -3.996622464281370801e-01
3.827770530830297702e+01 -2.123964113022862032e-01
2.488249427413258985e+01 9.612622589686309338e-01
2.061027981310550317e+01 4.485479333964665916e-01
3.260984035996220598e+01 4.858818557836874219e-01
2.336399202141691589e+01 -7.236942043235368160e-01
8.985192586191638853e+00 3.105055453696450307e+00
1.243002812961359638e+01 8.252096404982292022e-01
2.590422977988719211e+01 -7.762612444799241729e-01
9.450097998965258483e+00 1.989363528793183011e+00
8.921989671774470665e+00 7.546661327442020228e-01
1.100450678382471992e+01 -2.193581701180535859e-02
3.783713321670711593e+01 3.257728531053100118e-01
1.256549095861704046e+00 1.222886140034327518e+01
2.444074465526101037e+01 -9.643648183701990229e-02
2.440802150939807547e+01 -1.281887423046348951e-01
2.740937938144512032e+01 -1.796472742245792453e+00
1.463804607026842675e+00 1.134364179585842258e+01
3.965833316121282337e+01 -1.557692890089877324e-01
2.795518769036147688e+01 1.641803273182498857e-02
5.070306870011290989e+00 4.852256382937344625e+00
2.604020402098244702e+01 6.337302558865366420e-01
1.913736257120493178e+01 8.013864476962211381e-01
1.596480033010394273e+01 7.533418142346537394e-02
2.814006794021378610e+01 -1.661935121813068739e-01
1.221371601824560571e+01 6.253875554503300904e-01
2.510541560269424011e+01 1.652440807006230195e+00
1.164259566236344234e+01 1.342675236278011663e+00
2.093784714100730326e+01 -2.876409947959117086e-01
1.024840987092485278e+00 1.516291536812459206e+01
3.939170890104801259e+01 2.418172880373517519e-01
3.513858636538336100e+01 -3.083483553420548473e-01
3.474718450244954226e+01 -1.268482836250011347e+00
2.222978007669178968e+00 9.032180360634443517e+00
2.894021614711119739e+01 -4.549883997638184963e-01
2.734757650421183328e+01 -7.595493456013278077e-01
1.318356492821928327e+01 1.543075666379356337e+00
1.278574166576824034e+01 1.482848420151645197e+00
1.461033030947742084e+01 1.021368981089779027e+00
2.494914023657256408e+01 -9.889733775596114551e-01
2.722194312510867409e+00 7.926123556165756590e+00
1.686868127693895758e+01 2.280788451322788291e-01
1.721918148717061570e+01 1.245201983248787281e+00
1.326018182054018268e+01 1.257835216854132465e+00
3.986227310660217427e+01 -2.815084258905622416e-01
2.569012900711325642e+01 -1.542474918767606784e-01
2.662624050835211165e+01 -5.031168685932982942e-01
5.391593300387417464e+00 4.840561475643136546e+00
7.444000806292153882e+00 7.675244436873811527e-01
1.317216515999144910e+01 1.263372844024309938e+00
2.943961032514717502e+01 1.317170242900997046e+00
5.917033342117792749e+00 2.573577967539188993e+00
3.578980016260834418e+01 1.123095475015055245e+00
1.524049357378601854e+01 2.975236964204599488e-01
2.063453423543146315e+01 2.952127806645781227e-01
1.126224018664983717e+01 7.957736441711735775e-01
2.855004607831912367e+01 1.898937048606494093e-01
1.859881360731995770e+01 4.359751664848646180e-02
1.251315171526562864e+01 9.022165099148564682e-01
2.743193347489873801e+01 -3.239804898204123873e-01
4.707454546740848400e+00 2.533755834098326609e+00
1.446483985194267596e+01 9.973566278982765043e-01
3.809112006135005224e+00 5.990543352877275574e+00
3.459051712272558632e+01 1.053665256391832949e+00
3.566517988500357283e+00 5.861470752130380824e+00
2.110254291585612307e+01 7.842791025645523550e-01
2.768114522962894597e+01 2.437290231905323290e-01
1.663505800353787834e+01 5.965874608038730376e-01
3.497056047455651395e+01 -6.682917257917869724e-01
3.418379574603930138e+01 -1.538531599909705727e-01
1.171307403565656280e+01 4.060525107248134091e-01
4.144331372583851980e+00 5.314067670826084999e+00
2.501857806979487009e+00 8.729304667495339842e+00
3.540838024151178587e+01 -3.905382332140089896e-01
7.968491226418988660e+00 9.046339166473507110e-01
2.572044865300113514e+01 1.780687114543179350e-02
3.863731471606719481e+01 3.321690182294743665e-01
3.984821523261369691e+01 -8.753589073495293693e-01
3.636419149363945280e+01 -8.379703319675988471e-01
2.457578629590819119e+01 -6.128834117966251993e-01
1.187987418385489491e+01 9.038086369425085698e-01
1.286677850925681099e+01 1.054664952405952594e+00
5.981901376673831372e+00 3.671905096782642097e+00
3.537841919285973802e+01 4.737068350400999162e-01
1.689430062126524490e+01 7.883365254904328712e-01
1.992257516704868436e+01 -3.398419175394848391e-02
8.550933052059626505e+00 3.271170343766982569e+00
3.827892705687615749e+00 5.833292890933584829e+00
3.890603573586780328e+01 -3.643990651773856282e-01
2.877696419746623846e+01 9.026792055898238409e-01
2.558195196005125638e+01 -5.941116351871262857e-01
1.071668001833234207e+01 5.548973145607611901e-01
3.094065612663933251e+01 3.295195989039191309e-01
2.116008454283534945e+01 -2.273215056471760698e-01
3.355118447761169165e+01 9.053240929826886774e-01
1.177254441207102253e+01 -9.875393913397327861e-01
1.165718126777247399e+01 7.379507269246260437e-01
2.537858580671591113e+01 -3.930491995989839893e-01
3.652911148638209227e+01 -2.822092756548509884e-01
1.955639213848759539e+01 5.083221158798656436e-01
7.231627604249410979e+00 2.252163449785299143e+00
3.798611176899056119e+01 -1.309619214536028864e-01
3.298042714129496744e+01 -3.122190426976236277e-01
5.968905162955710608e+00 4.276296894790529990e+00
1.098172987680269230e+01 -1.287942988361621133e-01
3.172039109840260096e+01 3.799883054448878195e-01
1.962587651060234606e+01 9.499626533085208102e-01
2.411369905297862459e+01 -5.712056303140415903e-01
2.702870467198273374e+01 1.016654449164022589e+00
2.074710464756926243e+01 1.555166939216241051e+00
1.069365692260144307e+01 1.456640351493621921e+00
3.009798590964991405e+01 -5.304188702920477061e-01
6.286060022004497760e+00 4.148401839253805790e+00
3.880768712777288698e+01 -7.447132631495767541e-01
1.784782760583427930e+01 2.777443592682221629e-01
3.797605692998732962e+01 -8.301874658636039239e-01
3.961149818599382399e+01 9.582589321303400243e-02
4.891265463380477740e+00 4.513397141730788320e+00
1.338339552903479301e+01 1.062327724977332410e+00
1.200848054721231151e+01 1.022796302041784511e+00
2.716232832476938341e+01 -4.260105724770813507e-01
2.034840320837861327e+01 -1.016775435669614036e-01
1.870480171602384800e+01 5.946242780917594395e-01
1.701844145607003256e+01 4.318727672181159050e-01
2.945487880095116040e+01 4.240691400090914054e-01
2.741968234837805340e+01 -4.545662869042558785e-01
6.389275136215661455e+00 2.489009933934035690e+00
3.069074747012078319e+01 -3.900690339412447027e-01
8.883137893376476413e+00 8.224626163636540310e-01
2.411866663085301354e+01 -5.834176480993674696e-01
2.152064650992879358e+00 9.853108206806696856e+00
3.097951184994752794e+01 7.880681956424459012e-01
2.725321208858037991e+01 1.074192991414937293e-01
2.958527971047827876e+01 -6.658347886412989691e-01
2.363047372524761869e+01 8.967574160727241894e-01
3.669329461291034988e+01 1.582660830342978775e+00
3.846446067600466279e+01 -6.162298589805944582e-01
2.237068619436629291e+01 -3.271623044914816480e-01
2.756225777764642970e+01 -4.889703766388184825e-01
2.399883724093251658e+01 2.333726910811270150e-01
2.021971869571297731e+01 2.211766830417720708e-01
2.682659751500003154e+01 6.835630320603884869e-01
2.092675479195211352e+01 4.646321099895125983e-02
3.197042098563119694e+01 2.814921144410262865e-01
3.206288324057266692e+01 -6.138363360990995998e-01
1.197544596401062478e+01 8.046982771211652619e-01
2.893132932471154461e+01 -7.421055620661328733e-01
2.719398102587823729e+01 1.286944650789540567e+00
3.350616803065348481e+00 5.361149776237732034e+00
2.239875109278925436e+01 -7.698496078124894559e-02
6.348008007695082000e+00 1.485547465250550925e+00
9.372833026114118837e+00 1.948759313133414217e+00
2.126791828656331163e+01 1.175011033257095994e+00
2.503105739427036625e+01 3.521032542629196627e-01
1.088930938123723102e+00 1.356005485257100496e+01
3.700787436145083831e+01 2.177196029734571159e+00
9.584600878708368299e+00 -1.611391570842251042e-01
3.391941217244798423e+01 -1.019668965699391361e+00
3.189768777830785851e+01 7.559855561451378492e-01
1.689028563921416204e+00 1.300930890871546097e+01
3.875369087484944686e+01 6.971706964061351597e-01
3.301935519264349139e+00 5.922397205499444262e+00
3.181642277147411946e+01 4.821736076372074020e-01
1.340389565706092867e+01 1.397828679936375718e+00
1.616338279042646775e+01 6.629844719855702007e-01
9.712106134987823935e+00 2.610318494262065414e+00
3.574052935655069518e+01 -9.185152696856548060e-02
2.939446407008979634e+01 4.614289977415120259e-01
1.725624527024770671e+01 6.436769156875234987e-01
8.492828544761421128e+00 2.406739115721517663e+00
1.877575240189660732e+01 4.585056094825714634e-01
2.950799252591046695e+01 -8.206708717066239778e-03
1.861173646865549358e+01 2.060656752097234534e+00
9.938624991889099647e+00 2.589943825327245985e+00
1.779519553878402505e+01 -1.960704871031299090e-01
1.875587643071200716e+01 2.633272050037208656e-01
3.013072548073782642e+01 -9.198272633994530878e-01
1.161562474382988874e+00 1.327083526877411046e+01
2.963529818246968262e+01 -6.308381020552944474e-01
1.522703347559468057e+01 -1.047958091725651908e+00
1.043946952753868196e+01 1.544352564399598116e+00
1.468073439386630374e+00 1.200357661629158734e+01
3.948823210434198216e+01 -1.181028185122884100e+00
5.409821132276284139e+00 2.584517162347990560e+00
2.791852316059381423e+01 -4.411785236068312965e-01
1.000805212717008708e+01 2.128497059176255757e+00
3.693671728892396544e+01 -4.918455252522677124e-01
3.234132028642169132e+01 3.649932353828816423e-01
1.540613274268094912e+01 6.736916582051560853e-02
3.979022680393332934e+01 -1.323399508493774857e+00
1.487030957498237171e+01 -1.208414908224265671e-01
2.173640991358925589e+01 2.664714484089881763e-01
2.424491717214727160e+01 -1.026839397466022374e+00
1.006797690522259714e+01 9.520449263929674499e-01
3.744447888358743626e+01 -1.038683097196110738e+00
1.788639438827876660e+01 3.009817587311883758e-01
4.864560272198021451e+00 4.350135634462566792e+00
1.643178704503841914e+01 -4.784758789541858626e-01
3.769070533839294512e+01 1.391917990548637629e+00
1.541460298984475230e+00 1.257362982208379520e+01
6.583954386402965930e+00 1.718046416197230641e+00
3.114255374700147172e+01 -2.594664032515614505e-02
5.207228378000282376e+00 3.127618039027451502e+00
2.098769765063805082e+01 -8.653772134739595723e-02
2.887329680278591937e+01 -3.439917284542112763e-01
3.931012084099455706e+01 2.904897687893368552e-01
2.908411989466561565e+01 1.470004164387124224e+00
8.093364533362588986e+00 3.957519129545297609e+00
9.418682735975096421e+00 1.479612326306889436e+00
3.959147015425305938e+01 1.333018922365520442e+00
3.531561818340529069e+00 5.562169772157988135e+00
3.671866045194846606e+01 -5.064410929709047826e-01
1.552611754292555801e+01 1.928991479164162470e+00
2.531470468631765058e+01 -9.334368268326244111e-01
3.964426730860841985e+01 5.037533675665406552e-01
3.075681940385796764e+01 -6.769636523063732314e-01
3.394961208271664077e+01 -1.318234644652258314e-01
2.006100612529385874e+00 9.467799926833402324e+00
7.963203960933156189e+00 1.707650352217302103e+00
2.002906457402476637e+00 1.108761289818104956e+01
2.895143595206939224e+01 -8.315865227930417936e-01
1.138501576762339695e+01 7.832369920040314071e-01
3.005855931846101825e+01 -5.302018314969199064e-01
6.357653029920621535e+00 2.250835206696867097e+00
5.921073904110431663e+00 2.785448818973485618e+00
2.946589721953161600e+00 6.672381204881313366e+00
5.615145281528156396e+00 4.142549620631973184e+00
3.001705418289798644e+01 -5.076291855357064620e-01
2.273107867816178995e+01 -1.148608978135333469e+00
6.744598483726027993e+00 6.730965779290207784e-01
1.623547598651381207e+01 3.351074452907836232e-01
1.001922707846184046e+01 1.173039481962480313e+00
2.486724663675849989e+00 6.824067969353055041e+00
4.610756123842234544e+00 4.334822416742183826e+00
3.604071641096845013e+01 5.398781038784206121e-02
6.434688241880629711e+00 2.518381912941002110e+00
6.072687069026637019e+00 1.701863717829905198e+00
3.433032163783558133e+01 -1.235197806341603144e+00
2.297672788779854969e+01 8.411851238507353501e-02
2.711849041464603260e+01 -3.418732940403091392e-01
5.206377384952256548e+00 4.781184158562934883e+00
3.538638155917869454e+01 1.550142082251840803e+00
9.270249732254105979e+00 1.474212681234861932e+00
3.794402450153056350e+01 2.626649116493872116e-01
3.548121623876432551e+01 4.101014454033132806e-01
1.336962834474456052e+01 -4.103276954107237806e-02
3.175263640049855063e+00 6.373530487148403090e+00
3.973730860667441789e+01 -6.716620604139894590e-01
1.382269573043239497e+00 1.215991926821917168e+01
1.954675571968814651e+01 -7.052728966829711066e-01
1.081628716243172583e+01 1.394857592270095870e+00
2.904988697799432984e+01 2.136622931595746205e-02
2.374476120948750690e+01 1.065234251689583633e+00
9.687105694761298125e+00 1.598084616024244786e+00
8.759869521168957007e+00 8.281333494437500553e-01
2.958675844084432427e+01 -2.882035659056556565e-01
1.563333291548048720e+01 -7.407816524238668432e-01
1.634546231849095577e+01 7.205722420262306027e-01
3.463611376598159097e+01 2.665169780121645626e-01
3.874249503001873762e+01 1.345697930512723683e-01
3.333691968518984083e+01 -1.742958281218251138e+00
1.891905427451155219e+01 1.593990693274587311e+00
3.435975068077613059e+01 3.776432375811046294e-01
1.322300466836690802e+01 9.216459247559942725e-01
3.315516735089293832e+01 -2.731704738840587954e-01
1.664353465130884047e+01 1.057353356782463338e-01
3.085566348592857011e+01 3.316626695591066987e-02
1.975244951625660939e+00 7.863848522663491991e+00
1.715060862301833922e+01 -9.472189444315801676e-01
5.100163660997201198e+00 2.315237507462191591e+00
1.680054573922272709e+01 7.340450803139146885e-01
4.532050125472804503e+00 3.119467579952864611e+00
2.684229262804761618e+01 1.823130043677682888e-01
1.129491732113453750e+01 -1.486264588415198151e-01
3.692781630328479281e+01 3.095379877210034936e-01
2.798662990949911133e+01 9.659980642158314534e-01
3.475185527250532402e+01 -4.496085961967681288e-01
7.920329085755651199e+00 2.759136597008989611e+00
3.628990955229163262e+01 4.336239797440306631e-01
1.312674642470276964e+01 8.569389648726877251e-01
2.666887346844193729e+01 -1.259894154188591353e-02
1.335306297999368041e+01 6.383546502514758636e-01
1.458047360864474307e+01 -5.280374500960982598e-02
1.184084416204280821e+01 4.375464235006498726e-01
3.675326299622929582e+01 -4.792984885027427033e-01
3.162001912160201655e+00 6.244664060282357099e+00
3.756643855778204255e+01 -9.559543491475850363e-01
3.527925055663577947e+00 5.397864510915990621e+00
2.558431186860932982e+01 4.561436634099658161e-01
2.522255209447152424e+01 -4.533468626726724349e-01
1.631028625801262422e+01 1.450597787972332409e+00
1.603744553048770882e+01 1.356089737617744095e+00
1.288771973165588847e+01 1.049604486141918480e+00
1.306639818888225690e+01 1.168077289091707938e+00
1.530205904719366394e+01 -4.583975588891698871e-01
3.752011828166403262e+01 8.335861864893696627e-01
3.635328745057464772e+01 -9.359692460897385269e-01
2.352799035048439436e+01 3.864911049868073878e-01
2.324106210186166166e+01 -5.465961809518853354e-01
3.238351124467322251e+01 -1.418149150540936043e-01
2.803235939213435302e+01 3.861052681484187232e-01
2.791011990736326354e+01 -7.708910644258293310e-02
1.811540964075837934e+01 1.515548361593886284e+00
3.543213358944720337e+00 4.988003599190283133e+00
4.798045844620371092e+00 3.194191465459221391e+00
7.293788723916604155e+00 1.396178898094863730e+00
8.652048607635050459e+00 3.188692106620210964e+00
3.630373429856565792e+01 4.772503160234490283e-01
3.967918136294871090e+01 1.374942456635216692e-01
6.537366202273826588e+00 2.903298905604887903e+00
1.890705403886436287e+01 1.427887494684643988e-01
3.216262019458191901e+01 -5.677122231206952613e-02
1.510467253314175196e+01 -5.165186344445925615e-01
2.341019133260972040e+01 -6.125528106050515120e-01
1.901806759354568044e+01 -3.520206571307421539e-01
1.209408799259942846e+01 1.795774313978501180e+00
2.238195190335706908e+00 9.761061115029100677e+00
3.524896708862276284e+01 -3.788258913622189472e-01
3.935318626367950401e+01 8.747210438116019837e-01
1.482333852943528818e+01 1.084011166611654087e+00
3.424622505025398311e+01 4.545716029220608911e-01
3.834962916093521557e+01 -1.383606794823316832e+00
1.127513617288812142e+01 1.785585151224402090e+00
1.559642436833207668e+01 2.919485025013304758e-01
3.132741036040040328e+01 1.497111195717420129e+00
1.581667309483306560e+01 8.494859924186921596e-01
2.034119728386174231e+01 8.757560614025526602e-02
1.135267224201026259e+01 2.274604349300907380e+00
1.773660620918768061e+01 -4.335654665866691126e-01
6.954456803025667710e+00 2.141193371731274997e+00
8.051637927517266036e+00 2.024449482030244774e+00
2.722307753136997022e+01 7.969455791345695372e-01
1.394841942201712470e+01 -7.305216935911250653e-01
3.240679549047283103e+01 1.118287937161894119e+00
3.239018128011213093e+01 2.394309827793184714e-02
2.755891660597545112e+01 1.452002714420278506e-01
3.795136292648537335e+01 -2.215683734998971310e+00
3.214804946577530131e+01 5.265354752837533292e-01
3.169557670116061843e+01 2.044088676297206586e+00
2.809823073219429546e+01 1.972338547680831500e+00
3.124546389806797464e+01 3.590141067052561308e-01
3.572430259728668744e+01 8.904017764494582821e-01
5.535670900785111925e+00 3.688322493452246498e+00
